[
    {
        "num_marker_seen": 59,
        "stage2_retry": 6,
        "pixel_error": 0.5982001023459919,
        "proj_func": "hand_marker_proj_world_camera",
        "camera_base_ori": [
            [
                -0.02373032343174991,
                -0.999172350956736,
                -0.03303762753911486
            ],
            [
                -0.9993847217911744,
                0.024563199446801798,
                -0.02503651499935821
            ],
            [
                0.025827303386164943,
                0.032423175608279904,
                -0.9991404746497227
            ]
        ],
        "camera_base_ori_rotvec": [
            2.1657003317117423,
            -2.2186649298477077,
            -0.008004421564498041
        ],
        "camera_base_pos": [
            0.4203244896683717,
            -0.016236485723302822,
            0.9584947695931132
        ],
        "p_marker_ee": [
            0.0630888258844617,
            0.10788525556466366,
            -0.022007233142778658
        ]
    },
    {
        "num_marker_seen": 58,
        "stage2_retry": 1,
        "pixel_error": 0.9971438350942747,
        "proj_func": "hand_marker_proj_world_camera",
        "camera_base_ori": [
            [
                0.047831977223729616,
                -0.9987365584977395,
                0.01540742272284304
            ],
            [
                -0.7342737479029384,
                -0.04561514074631956,
                -0.6773192172641105
            ],
            [
                0.6771662758107801,
                0.021084251345145244,
                -0.7355278983490523
            ]
        ],
        "camera_base_ori_rotvec": [
            1.8333047528310151,
            -1.7371128654472443,
            0.694213229748088
        ],
        "camera_base_pos": [
            0.41683710099903226,
            0.6948377828312412,
            0.7824745034994562
        ],
        "p_marker_ee": [
            0.06256960683646816,
            0.107020259554325,
            -0.024786528765887557
        ]
    },
    {
        "num_marker_seen": 58,
        "stage2_retry": 1,
        "pixel_error": 0.8172447666117445,
        "proj_func": "hand_marker_proj_world_camera",
        "camera_base_ori": [
            [
                0.3570266272177862,
                0.9257492883827538,
                0.12458026535658312
            ],
            [
                0.7446534338302858,
                -0.3625952593805343,
                0.5603712531523426
            ],
            [
                0.5639355024665991,
                -0.10729833611751743,
                -0.8188185489619517
            ]
        ],
        "camera_base_ori_rotvec": [
            -2.215521731029152,
            -1.457908359317644,
            -0.6009286743148647
        ],
        "camera_base_pos": [
            0.3544650504803453,
            -0.6889572953116743,
            0.8322153710672768
        ],
        "p_marker_ee": [
            0.06304904941310735,
            0.10590469037139803,
            -0.02324266461028735
        ]
    }
]