[
    {
        "num_marker_seen": 31,
        "stage2_retry": 1,
        "pixel_error": 0.6281469351009455,
        "proj_func": "hand_marker_proj_world_camera",
        "camera_base_ori": [
            [
                -0.0033593779324967987,
                -0.9990892028615773,
                0.04253797486158484
            ],
            [
                -0.9995646738403606,
                0.002108019374461534,
                -0.029428201860301484
            ],
            [
                0.029311727863099282,
                -0.0426183174202716,
                -0.9986613548295261
            ]
        ],
        "camera_base_ori_rotvec": [
            -2.2110874848134214,
            2.217144275684192,
            -0.07970422440953813
        ],
        "camera_base_pos": [
            0.42449896914929375,
            -0.004661208636704305,
            0.9533515691605999
        ],
        "p_marker_ee": [
            0.07046437636981298,
            0.013118811760380164,
            -0.04664865118975693
        ]
    },
    {
        "num_marker_seen": 46,
        "stage2_retry": 11,
        "pixel_error": 1.5548842845509687,
        "proj_func": "hand_marker_proj_world_camera",
        "camera_base_ori": [
            [
                0.21815709630737506,
                -0.9749627507219412,
                0.04307105797912515
            ],
            [
                -0.812097070493802,
                -0.20583564844024604,
                -0.5460128514298619
            ],
            [
                0.5412077507077292,
                0.08413869820653266,
                -0.8366689010821372
            ]
        ],
        "camera_base_ori_rotvec": [
            2.090763082115281,
            -1.6527544962873133,
            0.5403677127526963
        ],
        "camera_base_pos": [
            0.4079350764993985,
            0.7100988825621286,
            0.7758587316559032
        ],
        "p_marker_ee": [
            0.069815542083673,
            0.012551147556257558,
            -0.05075933554139299
        ]
    },
    {
        "num_marker_seen": 34,
        "stage2_retry": 1,
        "pixel_error": 1.027821533816489,
        "proj_func": "hand_marker_proj_world_camera",
        "camera_base_ori": [
            [
                -0.05234400594126243,
                -0.9956026328477972,
                0.07768849662951827
            ],
            [
                -0.9012043983300452,
                0.08060935355433213,
                0.42583185008889746
            ],
            [
                -0.4302217305908681,
                -0.0477234699711392,
                -0.9014608881927778
            ]
        ],
        "camera_base_ori_rotvec": [
            -1.8809344312209924,
            2.017390141931013,
            0.3749443455273684
        ],
        "camera_base_pos": [
            0.4313668023099762,
            -0.6519022643579678,
            0.8535921288988884
        ],
        "p_marker_ee": [
            0.07078061728501991,
            0.013958046183214898,
            -0.04917670181874597
        ]
    }
]