[
    {
        "num_marker_seen": 42,
        "stage2_retry": 1,
        "pixel_error": 0.7293781749027376,
        "proj_func": "hand_marker_proj_world_camera",
        "camera_base_ori": [
            [
                0.00019476724263439715,
                -0.9997438505148831,
                0.02263173487381929
            ],
            [
                -0.9994405792449265,
                -0.0009515006447154417,
                -0.03343087203604332
            ],
            [
                0.033443842845708005,
                -0.0226125629728426,
                -0.9991847583763029
            ]
        ],
        "camera_base_ori_rotvec": [
            -2.2270507557155446,
            2.225774202696638,
            -0.062431245677733636
        ],
        "camera_base_pos": [
            0.44472979689781333,
            -0.003576783878436923,
            0.9653941091592113
        ],
        "p_marker_ee": [
            0.07500386065682133,
            0.01474090337542576,
            -0.04023238209180138
        ]
    },
    {
        "num_marker_seen": 49,
        "stage2_retry": 11,
        "pixel_error": 1.7988687539191697,
        "proj_func": "hand_marker_proj_world_camera",
        "camera_base_ori": [
            [
                0.2170747073506331,
                -0.9758899883110194,
                0.022744277147372302
            ],
            [
                -0.8203131217912241,
                -0.19499899796597264,
                -0.537644653102217
            ],
            [
                0.5291171454846023,
                0.09805162674115034,
                -0.8428647132533433
            ]
        ],
        "camera_base_ori_rotvec": [
            2.085767568456729,
            -1.661447675271028,
            0.5104594644931136
        ],
        "camera_base_pos": [
            0.41214254915829374,
            0.6851775178587983,
            0.770912426031838
        ],
        "p_marker_ee": [
            0.0675322353791186,
            0.0069141249958472786,
            -0.05978048118204975
        ]
    },
    {
        "num_marker_seen": 60,
        "stage2_retry": 1,
        "pixel_error": 0.39687664241652765,
        "proj_func": "hand_marker_proj_world_camera",
        "camera_base_ori": [
            [
                -0.058275116325764986,
                -0.9946595376893973,
                0.08518459309484279
            ],
            [
                -0.901045204862987,
                0.0891425163309314,
                0.42446572367578406
            ],
            [
                -0.429792449457451,
                -0.052019379712806665,
                -0.9014279974150231
            ]
        ],
        "camera_base_ori_rotvec": [
            -1.8713282295320774,
            2.0224999069973566,
            0.3676571260277231
        ],
        "camera_base_pos": [
            0.4269743608536011,
            -0.6523740392774001,
            0.8522799937996048
        ],
        "p_marker_ee": [
            0.07453516883656519,
            0.016905069561178362,
            -0.046750290902577984
        ]
    }
]